5110,Chronicle-Wire_a4dfcb6885ce468a64f6a3ceb5e4e16bb858ed2e,net.openhft.chronicle.wire.YamlTokeniserTest.eg2_3,True
5114,Chronicle-Wire_a4dfcb6885ce468a64f6a3ceb5e4e16bb858ed2e,net.openhft.chronicle.wire.YamlTokeniserTest.eg2_6,True
5115,Chronicle-Wire_a4dfcb6885ce468a64f6a3ceb5e4e16bb858ed2e,net.openhft.chronicle.wire.YamlTokeniserTest.eg2_7,True
5117,Chronicle-Wire_a4dfcb6885ce468a64f6a3ceb5e4e16bb858ed2e,net.openhft.chronicle.wire.YamlTokeniserTest.eg2_9,True
5125,Chronicle-Wire_a4dfcb6885ce468a64f6a3ceb5e4e16bb858ed2e,net.openhft.chronicle.wire.YamlTokeniserTest.eg2_17,True
5128,Chronicle-Wire_a4dfcb6885ce468a64f6a3ceb5e4e16bb858ed2e,net.openhft.chronicle.wire.YamlTokeniserTest.eg2_20,True
5134,Chronicle-Wire_a4dfcb6885ce468a64f6a3ceb5e4e16bb858ed2e,net.openhft.chronicle.wire.YamlTokeniserTest.eg2_26,True
5142,Chronicle-Wire_a4dfcb6885ce468a64f6a3ceb5e4e16bb858ed2e,net.openhft.chronicle.wire.YamlTokeniserTest.sample6,True
5149,Chronicle-Wire_a4dfcb6885ce468a64f6a3ceb5e4e16bb858ed2e,net.openhft.chronicle.wire.WireToOutputStreamTest.writeAnObject,True
5158,Chronicle-Wire_a4dfcb6885ce468a64f6a3ceb5e4e16bb858ed2e,net.openhft.chronicle.wire.Base64LongConverterTest.parse,True
5168,Chronicle-Wire_a4dfcb6885ce468a64f6a3ceb5e4e16bb858ed2e,net.openhft.chronicle.wire.ReadAnyWireTest.testCreateReadAnyFirstFIELDLESS_BINARYWire,True
5172,Chronicle-Wire_a4dfcb6885ce468a64f6a3ceb5e4e16bb858ed2e,net.openhft.chronicle.wire.BinaryMethodWriterInvocationHandlerTest.testOnClose,True
5186,Chronicle-Wire_a4dfcb6885ce468a64f6a3ceb5e4e16bb858ed2e,net.openhft.chronicle.wire.StrangeTextCombination.testXML,True
5197,Chronicle-Wire_a4dfcb6885ce468a64f6a3ceb5e4e16bb858ed2e,net.openhft.chronicle.wire.JSONWireTest.testNullString,True
5201,Chronicle-Wire_a4dfcb6885ce468a64f6a3ceb5e4e16bb858ed2e,net.openhft.chronicle.wire.WireDumperTest.parameters,True
5203,Chronicle-Wire_a4dfcb6885ce468a64f6a3ceb5e4e16bb858ed2e,net.openhft.chronicle.wire.WireDumperTest.shouldSerialiseContent,True
5204,Chronicle-Wire_a4dfcb6885ce468a64f6a3ceb5e4e16bb858ed2e,net.openhft.chronicle.wire.WireDumperTest.shouldSerialisePartialContent,True
5221,Chronicle-Wire_a4dfcb6885ce468a64f6a3ceb5e4e16bb858ed2e,net.openhft.chronicle.wire.TextWireTest.testWhiteSpaceInType,True
5232,Chronicle-Wire_a4dfcb6885ce468a64f6a3ceb5e4e16bb858ed2e,net.openhft.chronicle.wire.TextWireTest.testWriteToBinaryAndTriesToConvertToText,True
5235,Chronicle-Wire_a4dfcb6885ce468a64f6a3ceb5e4e16bb858ed2e,net.openhft.chronicle.wire.TextWireTest.testSimpleBool,True
5239,Chronicle-Wire_a4dfcb6885ce468a64f6a3ceb5e4e16bb858ed2e,net.openhft.chronicle.wire.TextWireTest.expectWithSnakeYaml,True
5248,Chronicle-Wire_a4dfcb6885ce468a64f6a3ceb5e4e16bb858ed2e,net.openhft.chronicle.wire.TextWireTest.testRead1,True
5257,Chronicle-Wire_a4dfcb6885ce468a64f6a3ceb5e4e16bb858ed2e,net.openhft.chronicle.wire.TextWireTest.float64,True
5261,Chronicle-Wire_a4dfcb6885ce468a64f6a3ceb5e4e16bb858ed2e,net.openhft.chronicle.wire.TextWireTest.testSingleQuote,True
5262,Chronicle-Wire_a4dfcb6885ce468a64f6a3ceb5e4e16bb858ed2e,net.openhft.chronicle.wire.TextWireTest.testBool,True
5263,Chronicle-Wire_a4dfcb6885ce468a64f6a3ceb5e4e16bb858ed2e,net.openhft.chronicle.wire.TextWireTest.testFloat32,True
5264,Chronicle-Wire_a4dfcb6885ce468a64f6a3ceb5e4e16bb858ed2e,net.openhft.chronicle.wire.TextWireTest.testTime,True
5275,Chronicle-Wire_a4dfcb6885ce468a64f6a3ceb5e4e16bb858ed2e,net.openhft.chronicle.wire.TextWireTest.testWriteMarshallableAndFieldLength,True
5277,Chronicle-Wire_a4dfcb6885ce468a64f6a3ceb5e4e16bb858ed2e,net.openhft.chronicle.wire.TextWireTest.testMapReadAndWriteMarshable,True
5285,Chronicle-Wire_a4dfcb6885ce468a64f6a3ceb5e4e16bb858ed2e,net.openhft.chronicle.wire.TextWireTest.testStringSet,True
5295,Chronicle-Wire_a4dfcb6885ce468a64f6a3ceb5e4e16bb858ed2e,net.openhft.chronicle.wire.TextWireTest.writeCharacter,True
5304,Chronicle-Wire_a4dfcb6885ce468a64f6a3ceb5e4e16bb858ed2e,net.openhft.chronicle.wire.TextWireTest.readMarshallableAsEnum,True
5309,Chronicle-Wire_a4dfcb6885ce468a64f6a3ceb5e4e16bb858ed2e,net.openhft.chronicle.wire.CharSequenceObjectMapTest.put,True
5312,Chronicle-Wire_a4dfcb6885ce468a64f6a3ceb5e4e16bb858ed2e,net.openhft.chronicle.wire.Base85LongConverterTest.parse,True
5319,Chronicle-Wire_a4dfcb6885ce468a64f6a3ceb5e4e16bb858ed2e,net.openhft.chronicle.wire.DocumentContextTest.multiMessageBinary,True
5325,Chronicle-Wire_a4dfcb6885ce468a64f6a3ceb5e4e16bb858ed2e,net.openhft.chronicle.wire.MarshallableTest.testBytesMarshallable,True
5326,Chronicle-Wire_a4dfcb6885ce468a64f6a3ceb5e4e16bb858ed2e,net.openhft.chronicle.wire.MarshallableTest.testEquals,True
5339,Chronicle-Wire_a4dfcb6885ce468a64f6a3ceb5e4e16bb858ed2e,net.openhft.chronicle.wire.WriteDocumentContextTest.nestedBinary,True
5367,Chronicle-Wire_a4dfcb6885ce468a64f6a3ceb5e4e16bb858ed2e,net.openhft.chronicle.wire.RawWireTest.testZonedDateTime,True
5385,Chronicle-Wire_a4dfcb6885ce468a64f6a3ceb5e4e16bb858ed2e,net.openhft.chronicle.wire.BinaryWireTest.int8,True
5387,Chronicle-Wire_a4dfcb6885ce468a64f6a3ceb5e4e16bb858ed2e,net.openhft.chronicle.wire.BinaryWireTest.checkAsText123_0,True
5404,Chronicle-Wire_a4dfcb6885ce468a64f6a3ceb5e4e16bb858ed2e,net.openhft.chronicle.wire.BinaryWireTest.testBytes,True
5405,Chronicle-Wire_a4dfcb6885ce468a64f6a3ceb5e4e16bb858ed2e,net.openhft.chronicle.wire.BinaryWireTest.testWriteMarshallable,True
5430,Chronicle-Wire_a4dfcb6885ce468a64f6a3ceb5e4e16bb858ed2e,net.openhft.chronicle.wire.YamlWireTest.comment,True
5447,Chronicle-Wire_a4dfcb6885ce468a64f6a3ceb5e4e16bb858ed2e,net.openhft.chronicle.wire.YamlWireTest.testInt64,True
5455,Chronicle-Wire_a4dfcb6885ce468a64f6a3ceb5e4e16bb858ed2e,net.openhft.chronicle.wire.YamlWireTest.testRead1,True
5458,Chronicle-Wire_a4dfcb6885ce468a64f6a3ceb5e4e16bb858ed2e,net.openhft.chronicle.wire.YamlWireTest.int16,True
5464,Chronicle-Wire_a4dfcb6885ce468a64f6a3ceb5e4e16bb858ed2e,net.openhft.chronicle.wire.YamlWireTest.float64,True
5473,Chronicle-Wire_a4dfcb6885ce468a64f6a3ceb5e4e16bb858ed2e,net.openhft.chronicle.wire.YamlWireTest.testDate,True
5476,Chronicle-Wire_a4dfcb6885ce468a64f6a3ceb5e4e16bb858ed2e,net.openhft.chronicle.wire.YamlWireTest.testNANValue,True
5481,Chronicle-Wire_a4dfcb6885ce468a64f6a3ceb5e4e16bb858ed2e,net.openhft.chronicle.wire.YamlWireTest.testWriteMarshallable,True
5516,Chronicle-Wire_a4dfcb6885ce468a64f6a3ceb5e4e16bb858ed2e,net.openhft.chronicle.wire.YamlWireTest.readMarshallableAsEnum,True
5102,Chronicle-Wire_a4dfcb6885ce468a64f6a3ceb5e4e16bb858ed2e,net.openhft.chronicle.wire.MessagePathClassifierTest.messageHistory,True
5137,Chronicle-Wire_a4dfcb6885ce468a64f6a3ceb5e4e16bb858ed2e,net.openhft.chronicle.wire.YamlTokeniserTest.sample1,True
5145,Chronicle-Wire_a4dfcb6885ce468a64f6a3ceb5e4e16bb858ed2e,net.openhft.chronicle.wire.WireToOutputStreamTest.testTimestamp,True
5152,Chronicle-Wire_a4dfcb6885ce468a64f6a3ceb5e4e16bb858ed2e,net.openhft.chronicle.wire.CSVWireTest.tstFrom3,True
5164,Chronicle-Wire_a4dfcb6885ce468a64f6a3ceb5e4e16bb858ed2e,net.openhft.chronicle.wire.ReadAnyWireTest.testReadAny,True
5170,Chronicle-Wire_a4dfcb6885ce468a64f6a3ceb5e4e16bb858ed2e,net.openhft.chronicle.wire.Base40LongConverterTest.parse,True
5173,Chronicle-Wire_a4dfcb6885ce468a64f6a3ceb5e4e16bb858ed2e,net.openhft.chronicle.wire.StrangeTextCombination.StrangeTextCombination,True
5177,Chronicle-Wire_a4dfcb6885ce468a64f6a3ceb5e4e16bb858ed2e,net.openhft.chronicle.wire.StrangeTextCombination.testSlashQuoteTest,True
5182,Chronicle-Wire_a4dfcb6885ce468a64f6a3ceb5e4e16bb858ed2e,net.openhft.chronicle.wire.StrangeTextCombination.testEmpty,True
5183,Chronicle-Wire_a4dfcb6885ce468a64f6a3ceb5e4e16bb858ed2e,net.openhft.chronicle.wire.StrangeTextCombination.testNull,True
5200,Chronicle-Wire_a4dfcb6885ce468a64f6a3ceb5e4e16bb858ed2e,net.openhft.chronicle.wire.WireDumperTest.WireDumperTest,True
5211,Chronicle-Wire_a4dfcb6885ce468a64f6a3ceb5e4e16bb858ed2e,net.openhft.chronicle.wire.ReadDocumentContextTest.testWritingNotCompleteDocument,True
5217,Chronicle-Wire_a4dfcb6885ce468a64f6a3ceb5e4e16bb858ed2e,net.openhft.chronicle.wire.MessageHistoryTest.checkHistoryMaxSizeException,True
5219,Chronicle-Wire_a4dfcb6885ce468a64f6a3ceb5e4e16bb858ed2e,net.openhft.chronicle.wire.Base256IntConverterTest.parse,True
5236,Chronicle-Wire_a4dfcb6885ce468a64f6a3ceb5e4e16bb858ed2e,net.openhft.chronicle.wire.TextWireTest.testFailingBool,True
5242,Chronicle-Wire_a4dfcb6885ce468a64f6a3ceb5e4e16bb858ed2e,net.openhft.chronicle.wire.TextWireTest.testInt16TooLarge,True
5244,Chronicle-Wire_a4dfcb6885ce468a64f6a3ceb5e4e16bb858ed2e,net.openhft.chronicle.wire.TextWireTest.testInt32TooLarge,True
5247,Chronicle-Wire_a4dfcb6885ce468a64f6a3ceb5e4e16bb858ed2e,net.openhft.chronicle.wire.TextWireTest.testRead,True
5253,Chronicle-Wire_a4dfcb6885ce468a64f6a3ceb5e4e16bb858ed2e,net.openhft.chronicle.wire.TextWireTest.uint16,True
5254,Chronicle-Wire_a4dfcb6885ce468a64f6a3ceb5e4e16bb858ed2e,net.openhft.chronicle.wire.TextWireTest.uint32,True
5278,Chronicle-Wire_a4dfcb6885ce468a64f6a3ceb5e4e16bb858ed2e,net.openhft.chronicle.wire.TextWireTest.testException,True
5282,Chronicle-Wire_a4dfcb6885ce468a64f6a3ceb5e4e16bb858ed2e,net.openhft.chronicle.wire.TextWireTest.testArrays2,True
5287,Chronicle-Wire_a4dfcb6885ce468a64f6a3ceb5e4e16bb858ed2e,net.openhft.chronicle.wire.TextWireTest.testNestedDecode,True
5292,Chronicle-Wire_a4dfcb6885ce468a64f6a3ceb5e4e16bb858ed2e,net.openhft.chronicle.wire.TextWireTest.testByteArray,True
5297,Chronicle-Wire_a4dfcb6885ce468a64f6a3ceb5e4e16bb858ed2e,net.openhft.chronicle.wire.TextWireTest.testSortedMap,True
5335,Chronicle-Wire_a4dfcb6885ce468a64f6a3ceb5e4e16bb858ed2e,net.openhft.chronicle.wire.WriteDocumentContextTest.nestedPlainText,True
5349,Chronicle-Wire_a4dfcb6885ce468a64f6a3ceb5e4e16bb858ed2e,net.openhft.chronicle.wire.RawWireTest.testWrite1,True
5357,Chronicle-Wire_a4dfcb6885ce468a64f6a3ceb5e4e16bb858ed2e,net.openhft.chronicle.wire.RawWireTest.uint16,True
5361,Chronicle-Wire_a4dfcb6885ce468a64f6a3ceb5e4e16bb858ed2e,net.openhft.chronicle.wire.RawWireTest.float64,True
5364,Chronicle-Wire_a4dfcb6885ce468a64f6a3ceb5e4e16bb858ed2e,net.openhft.chronicle.wire.RawWireTest.testBool,True
5371,Chronicle-Wire_a4dfcb6885ce468a64f6a3ceb5e4e16bb858ed2e,net.openhft.chronicle.wire.RawWireTest.testWriteMarshallable,True
5386,Chronicle-Wire_a4dfcb6885ce468a64f6a3ceb5e4e16bb858ed2e,net.openhft.chronicle.wire.BinaryWireTest.checkAsText123,True
5389,Chronicle-Wire_a4dfcb6885ce468a64f6a3ceb5e4e16bb858ed2e,net.openhft.chronicle.wire.BinaryWireTest.uint8,True
5403,Chronicle-Wire_a4dfcb6885ce468a64f6a3ceb5e4e16bb858ed2e,net.openhft.chronicle.wire.BinaryWireTest.testUuid,True
5432,Chronicle-Wire_a4dfcb6885ce468a64f6a3ceb5e4e16bb858ed2e,net.openhft.chronicle.wire.YamlWireTest.testFieldWithComment2,True
5438,Chronicle-Wire_a4dfcb6885ce468a64f6a3ceb5e4e16bb858ed2e,net.openhft.chronicle.wire.YamlWireTest.testFromString2,True
5443,Chronicle-Wire_a4dfcb6885ce468a64f6a3ceb5e4e16bb858ed2e,net.openhft.chronicle.wire.YamlWireTest.testFailingBool,True
5449,Chronicle-Wire_a4dfcb6885ce468a64f6a3ceb5e4e16bb858ed2e,net.openhft.chronicle.wire.YamlWireTest.testInt16TooLarge,True
5460,Chronicle-Wire_a4dfcb6885ce468a64f6a3ceb5e4e16bb858ed2e,net.openhft.chronicle.wire.YamlWireTest.uint16,True
5484,Chronicle-Wire_a4dfcb6885ce468a64f6a3ceb5e4e16bb858ed2e,net.openhft.chronicle.wire.YamlWireTest.testContextDump2,True
5489,Chronicle-Wire_a4dfcb6885ce468a64f6a3ceb5e4e16bb858ed2e,net.openhft.chronicle.wire.YamlWireTest.testException,True
5499,Chronicle-Wire_a4dfcb6885ce468a64f6a3ceb5e4e16bb858ed2e,net.openhft.chronicle.wire.YamlWireTest.testYNestedDecode,True
5501,Chronicle-Wire_a4dfcb6885ce468a64f6a3ceb5e4e16bb858ed2e,net.openhft.chronicle.wire.YamlWireTest.testAllChars,True
5505,Chronicle-Wire_a4dfcb6885ce468a64f6a3ceb5e4e16bb858ed2e,net.openhft.chronicle.wire.YamlWireTest.testObjectKeys,True
5509,Chronicle-Wire_a4dfcb6885ce468a64f6a3ceb5e4e16bb858ed2e,net.openhft.chronicle.wire.YamlWireTest.testSortedMap,True
5513,Chronicle-Wire_a4dfcb6885ce468a64f6a3ceb5e4e16bb858ed2e,net.openhft.chronicle.wire.YamlWireTest.testArrayTypes,True
5522,Chronicle-Wire_a4dfcb6885ce468a64f6a3ceb5e4e16bb858ed2e,net.openhft.chronicle.wire.reuse.NestedClassTest.combinations,True
5536,Chronicle-Wire_a4dfcb6885ce468a64f6a3ceb5e4e16bb858ed2e,net.openhft.chronicle.wire.marshallable.FieldInfoTest.fieldInfo,True
5538,Chronicle-Wire_a4dfcb6885ce468a64f6a3ceb5e4e16bb858ed2e,net.openhft.chronicle.wire.method.VanillaMethodReaderTest.a,True
5547,Chronicle-Wire_a4dfcb6885ce468a64f6a3ceb5e4e16bb858ed2e,net.openhft.chronicle.wire.method.VanillaMethodReaderTest.resetGenerateTuples,True
5548,Chronicle-Wire_a4dfcb6885ce468a64f6a3ceb5e4e16bb858ed2e,net.openhft.chronicle.wire.method.VanillaMethodReaderTest.testOverloaded,True
5549,Chronicle-Wire_a4dfcb6885ce468a64f6a3ceb5e4e16bb858ed2e,net.openhft.chronicle.wire.method.MethodWriterTest.testSubclasses,True
5551,Chronicle-Wire_a4dfcb6885ce468a64f6a3ceb5e4e16bb858ed2e,net.openhft.chronicle.wire.method.MethodWriterTest.multiOut,True
5553,Chronicle-Wire_a4dfcb6885ce468a64f6a3ceb5e4e16bb858ed2e,net.openhft.chronicle.wire.method.MethodWriterTest.testNoArgs,True
5108,Chronicle-Wire_a4dfcb6885ce468a64f6a3ceb5e4e16bb858ed2e,net.openhft.chronicle.wire.YamlTokeniserTest.eg2_1,True
5109,Chronicle-Wire_a4dfcb6885ce468a64f6a3ceb5e4e16bb858ed2e,net.openhft.chronicle.wire.YamlTokeniserTest.eg2_2,True
5119,Chronicle-Wire_a4dfcb6885ce468a64f6a3ceb5e4e16bb858ed2e,net.openhft.chronicle.wire.YamlTokeniserTest.eg2_11,True
5144,Chronicle-Wire_a4dfcb6885ce468a64f6a3ceb5e4e16bb858ed2e,net.openhft.chronicle.wire.WireToOutputStreamTest.data,True
5147,Chronicle-Wire_a4dfcb6885ce468a64f6a3ceb5e4e16bb858ed2e,net.openhft.chronicle.wire.WireToOutputStreamTest.testVisSocket,True
5154,Chronicle-Wire_a4dfcb6885ce468a64f6a3ceb5e4e16bb858ed2e,net.openhft.chronicle.wire.WordsLongConverterTest.asString,True
5163,Chronicle-Wire_a4dfcb6885ce468a64f6a3ceb5e4e16bb858ed2e,net.openhft.chronicle.wire.Base32IntConverterTest.parse,True
5189,Chronicle-Wire_a4dfcb6885ce468a64f6a3ceb5e4e16bb858ed2e,net.openhft.chronicle.wire.Base85IntConverterTest.asString,True
5191,Chronicle-Wire_a4dfcb6885ce468a64f6a3ceb5e4e16bb858ed2e,net.openhft.chronicle.wire.JSONWireTest.testListFormatting,True
5196,Chronicle-Wire_a4dfcb6885ce468a64f6a3ceb5e4e16bb858ed2e,net.openhft.chronicle.wire.JSONWireTest.testMarshallableWithTwoLists,True
5212,Chronicle-Wire_a4dfcb6885ce468a64f6a3ceb5e4e16bb858ed2e,net.openhft.chronicle.wire.ReadDocumentContextTest.testWritingNotCompleteDocumentShared,True
5224,Chronicle-Wire_a4dfcb6885ce468a64f6a3ceb5e4e16bb858ed2e,net.openhft.chronicle.wire.TextWireTest.testTypeInsteadOfField,True
5226,Chronicle-Wire_a4dfcb6885ce468a64f6a3ceb5e4e16bb858ed2e,net.openhft.chronicle.wire.TextWireTest.handleUnexpectedFields,True
5238,Chronicle-Wire_a4dfcb6885ce468a64f6a3ceb5e4e16bb858ed2e,net.openhft.chronicle.wire.TextWireTest.testLeadingSpace,True
5266,Chronicle-Wire_a4dfcb6885ce468a64f6a3ceb5e4e16bb858ed2e,net.openhft.chronicle.wire.TextWireTest.testDate,True
5274,Chronicle-Wire_a4dfcb6885ce468a64f6a3ceb5e4e16bb858ed2e,net.openhft.chronicle.wire.TextWireTest.testWriteMarshallable,True
5283,Chronicle-Wire_a4dfcb6885ce468a64f6a3ceb5e4e16bb858ed2e,net.openhft.chronicle.wire.TextWireTest.testGZIPCompressionAsText,True
5289,Chronicle-Wire_a4dfcb6885ce468a64f6a3ceb5e4e16bb858ed2e,net.openhft.chronicle.wire.TextWireTest.testAllChars,True
5290,Chronicle-Wire_a4dfcb6885ce468a64f6a3ceb5e4e16bb858ed2e,net.openhft.chronicle.wire.TextWireTest.readDemarshallable,True
5301,Chronicle-Wire_a4dfcb6885ce468a64f6a3ceb5e4e16bb858ed2e,net.openhft.chronicle.wire.TextWireTest.testArrayTypes,True
5303,Chronicle-Wire_a4dfcb6885ce468a64f6a3ceb5e4e16bb858ed2e,net.openhft.chronicle.wire.TextWireTest.testArrayTypes2,True
5314,Chronicle-Wire_a4dfcb6885ce468a64f6a3ceb5e4e16bb858ed2e,net.openhft.chronicle.wire.NanoTimestampLongConverterTest.parse,True
5315,Chronicle-Wire_a4dfcb6885ce468a64f6a3ceb5e4e16bb858ed2e,net.openhft.chronicle.wire.NanoTimestampLongConverterTest.parse2,True
5332,Chronicle-Wire_a4dfcb6885ce468a64f6a3ceb5e4e16bb858ed2e,net.openhft.chronicle.wire.MarshallableTest.getLongField,True
5345,Chronicle-Wire_a4dfcb6885ce468a64f6a3ceb5e4e16bb858ed2e,net.openhft.chronicle.wire.MilliTimestampLongConverterTest.parse2,True
5346,Chronicle-Wire_a4dfcb6885ce468a64f6a3ceb5e4e16bb858ed2e,net.openhft.chronicle.wire.RawWireTest.assertReferencesReleased,True
5352,Chronicle-Wire_a4dfcb6885ce468a64f6a3ceb5e4e16bb858ed2e,net.openhft.chronicle.wire.RawWireTest.testRead1,True
5358,Chronicle-Wire_a4dfcb6885ce468a64f6a3ceb5e4e16bb858ed2e,net.openhft.chronicle.wire.RawWireTest.uint32,True
5362,Chronicle-Wire_a4dfcb6885ce468a64f6a3ceb5e4e16bb858ed2e,net.openhft.chronicle.wire.RawWireTest.text,True
5370,Chronicle-Wire_a4dfcb6885ce468a64f6a3ceb5e4e16bb858ed2e,net.openhft.chronicle.wire.RawWireTest.testBytes,True
5373,Chronicle-Wire_a4dfcb6885ce468a64f6a3ceb5e4e16bb858ed2e,net.openhft.chronicle.wire.BinaryWireTest.combinations,True
5379,Chronicle-Wire_a4dfcb6885ce468a64f6a3ceb5e4e16bb858ed2e,net.openhft.chronicle.wire.BinaryWireTest.testWrite1,True
5393,Chronicle-Wire_a4dfcb6885ce468a64f6a3ceb5e4e16bb858ed2e,net.openhft.chronicle.wire.BinaryWireTest.int64,True
5402,Chronicle-Wire_a4dfcb6885ce468a64f6a3ceb5e4e16bb858ed2e,net.openhft.chronicle.wire.BinaryWireTest.testDate,True
5411,Chronicle-Wire_a4dfcb6885ce468a64f6a3ceb5e4e16bb858ed2e,net.openhft.chronicle.wire.BinaryWireTest.testSortedSet,True
5435,Chronicle-Wire_a4dfcb6885ce468a64f6a3ceb5e4e16bb858ed2e,net.openhft.chronicle.wire.YamlWireTest.licenseCheck,True
5440,Chronicle-Wire_a4dfcb6885ce468a64f6a3ceb5e4e16bb858ed2e,net.openhft.chronicle.wire.YamlWireTest.testWrite,True
5451,Chronicle-Wire_a4dfcb6885ce468a64f6a3ceb5e4e16bb858ed2e,net.openhft.chronicle.wire.YamlWireTest.testInt32TooLarge,True
5459,Chronicle-Wire_a4dfcb6885ce468a64f6a3ceb5e4e16bb858ed2e,net.openhft.chronicle.wire.YamlWireTest.uint8,True
5461,Chronicle-Wire_a4dfcb6885ce468a64f6a3ceb5e4e16bb858ed2e,net.openhft.chronicle.wire.YamlWireTest.uint32,True
5512,Chronicle-Wire_a4dfcb6885ce468a64f6a3ceb5e4e16bb858ed2e,net.openhft.chronicle.wire.YamlWireTest.testYNestedList,True
5515,Chronicle-Wire_a4dfcb6885ce468a64f6a3ceb5e4e16bb858ed2e,net.openhft.chronicle.wire.YamlWireTest.testArrayTypes2,True
5527,Chronicle-Wire_a4dfcb6885ce468a64f6a3ceb5e4e16bb858ed2e,net.openhft.chronicle.wire.reuse.WireCollectionTest.checkThreadDump,True
5533,Chronicle-Wire_a4dfcb6885ce468a64f6a3ceb5e4e16bb858ed2e,net.openhft.chronicle.wire.marshallable.WithDefaultsTest.doTest,True
5542,Chronicle-Wire_a4dfcb6885ce468a64f6a3ceb5e4e16bb858ed2e,net.openhft.chronicle.wire.method.VanillaMethodReaderTest.testSubclasses,True
5543,Chronicle-Wire_a4dfcb6885ce468a64f6a3ceb5e4e16bb858ed2e,net.openhft.chronicle.wire.method.VanillaMethodReaderTest.methodInterceptor,True
5546,Chronicle-Wire_a4dfcb6885ce468a64f6a3ceb5e4e16bb858ed2e,net.openhft.chronicle.wire.method.VanillaMethodReaderTest.testUnknownClass,True
5111,Chronicle-Wire_a4dfcb6885ce468a64f6a3ceb5e4e16bb858ed2e,net.openhft.chronicle.wire.YamlTokeniserTest.eg2_4,True
5121,Chronicle-Wire_a4dfcb6885ce468a64f6a3ceb5e4e16bb858ed2e,net.openhft.chronicle.wire.YamlTokeniserTest.eg2_13,True
5126,Chronicle-Wire_a4dfcb6885ce468a64f6a3ceb5e4e16bb858ed2e,net.openhft.chronicle.wire.YamlTokeniserTest.eg2_18,True
5130,Chronicle-Wire_a4dfcb6885ce468a64f6a3ceb5e4e16bb858ed2e,net.openhft.chronicle.wire.YamlTokeniserTest.eg2_22,True
5161,Chronicle-Wire_a4dfcb6885ce468a64f6a3ceb5e4e16bb858ed2e,net.openhft.chronicle.wire.WireSerializedLambdaTest.testTextWire,True
5165,Chronicle-Wire_a4dfcb6885ce468a64f6a3ceb5e4e16bb858ed2e,net.openhft.chronicle.wire.ReadAnyWireTest.testCreateReadAnyFirstTextWire,True
5166,Chronicle-Wire_a4dfcb6885ce468a64f6a3ceb5e4e16bb858ed2e,net.openhft.chronicle.wire.ReadAnyWireTest.testCreateReadAnyFirstBinaryWire,True
5185,Chronicle-Wire_a4dfcb6885ce468a64f6a3ceb5e4e16bb858ed2e,net.openhft.chronicle.wire.StrangeTextCombination.testUnicode,True
5210,Chronicle-Wire_a4dfcb6885ce468a64f6a3ceb5e4e16bb858ed2e,net.openhft.chronicle.wire.SequenceTest.test,True
5222,Chronicle-Wire_a4dfcb6885ce468a64f6a3ceb5e4e16bb858ed2e,net.openhft.chronicle.wire.TextWireTest.testBytes,True
5227,Chronicle-Wire_a4dfcb6885ce468a64f6a3ceb5e4e16bb858ed2e,net.openhft.chronicle.wire.TextWireTest.asProperties,True
5233,Chronicle-Wire_a4dfcb6885ce468a64f6a3ceb5e4e16bb858ed2e,net.openhft.chronicle.wire.TextWireTest.testWrite,True
5251,Chronicle-Wire_a4dfcb6885ce468a64f6a3ceb5e4e16bb858ed2e,net.openhft.chronicle.wire.TextWireTest.int16,True
5255,Chronicle-Wire_a4dfcb6885ce468a64f6a3ceb5e4e16bb858ed2e,net.openhft.chronicle.wire.TextWireTest.int32,True
5271,Chronicle-Wire_a4dfcb6885ce468a64f6a3ceb5e4e16bb858ed2e,net.openhft.chronicle.wire.TextWireTest.testABCStringBuilder,True
5281,Chronicle-Wire_a4dfcb6885ce468a64f6a3ceb5e4e16bb858ed2e,net.openhft.chronicle.wire.TextWireTest.testArrays,True
5291,Chronicle-Wire_a4dfcb6885ce468a64f6a3ceb5e4e16bb858ed2e,net.openhft.chronicle.wire.TextWireTest.testByteArrayValueWithRealBytesNegative,True
5317,Chronicle-Wire_a4dfcb6885ce468a64f6a3ceb5e4e16bb858ed2e,net.openhft.chronicle.wire.Base128LongConverterTest.asString,True
5321,Chronicle-Wire_a4dfcb6885ce468a64f6a3ceb5e4e16bb858ed2e,net.openhft.chronicle.wire.MarshallableTest.fromFile,True
5340,Chronicle-Wire_a4dfcb6885ce468a64f6a3ceb5e4e16bb858ed2e,net.openhft.chronicle.wire.WriteDocumentContextTest.chainedBinary,True
5350,Chronicle-Wire_a4dfcb6885ce468a64f6a3ceb5e4e16bb858ed2e,net.openhft.chronicle.wire.RawWireTest.testWrite2,True
5354,Chronicle-Wire_a4dfcb6885ce468a64f6a3ceb5e4e16bb858ed2e,net.openhft.chronicle.wire.RawWireTest.int8,True
5372,Chronicle-Wire_a4dfcb6885ce468a64f6a3ceb5e4e16bb858ed2e,net.openhft.chronicle.wire.BinaryWireTest.BinaryWireTest,True
5381,Chronicle-Wire_a4dfcb6885ce468a64f6a3ceb5e4e16bb858ed2e,net.openhft.chronicle.wire.BinaryWireTest.testWrite2,True
5394,Chronicle-Wire_a4dfcb6885ce468a64f6a3ceb5e4e16bb858ed2e,net.openhft.chronicle.wire.BinaryWireTest.testFloat64s,True
5407,Chronicle-Wire_a4dfcb6885ce468a64f6a3ceb5e4e16bb858ed2e,net.openhft.chronicle.wire.BinaryWireTest.testLongString,True
5412,Chronicle-Wire_a4dfcb6885ce468a64f6a3ceb5e4e16bb858ed2e,net.openhft.chronicle.wire.BinaryWireTest.testSortedMap,True
5416,Chronicle-Wire_a4dfcb6885ce468a64f6a3ceb5e4e16bb858ed2e,net.openhft.chronicle.wire.LongValueBitSetTest.testNextSetBit,True
5424,Chronicle-Wire_a4dfcb6885ce468a64f6a3ceb5e4e16bb858ed2e,net.openhft.chronicle.wire.GenerateMethodDelegateTest.testAcquireClass,True
5425,Chronicle-Wire_a4dfcb6885ce468a64f6a3ceb5e4e16bb858ed2e,net.openhft.chronicle.wire.GenerateMethodDelegateTest.chainedDelegate,True
5434,Chronicle-Wire_a4dfcb6885ce468a64f6a3ceb5e4e16bb858ed2e,net.openhft.chronicle.wire.YamlWireTest.asProperties,True
5436,Chronicle-Wire_a4dfcb6885ce468a64f6a3ceb5e4e16bb858ed2e,net.openhft.chronicle.wire.YamlWireTest.writeObjectWithTreeMap,True
5444,Chronicle-Wire_a4dfcb6885ce468a64f6a3ceb5e4e16bb858ed2e,net.openhft.chronicle.wire.YamlWireTest.testFailingBoolean,True
5454,Chronicle-Wire_a4dfcb6885ce468a64f6a3ceb5e4e16bb858ed2e,net.openhft.chronicle.wire.YamlWireTest.testRead,True
5462,Chronicle-Wire_a4dfcb6885ce468a64f6a3ceb5e4e16bb858ed2e,net.openhft.chronicle.wire.YamlWireTest.int32,True
5465,Chronicle-Wire_a4dfcb6885ce468a64f6a3ceb5e4e16bb858ed2e,net.openhft.chronicle.wire.YamlWireTest.text,True
5467,Chronicle-Wire_a4dfcb6885ce468a64f6a3ceb5e4e16bb858ed2e,net.openhft.chronicle.wire.YamlWireTest.testTypeWithEmpty,True
5469,Chronicle-Wire_a4dfcb6885ce468a64f6a3ceb5e4e16bb858ed2e,net.openhft.chronicle.wire.YamlWireTest.testBool,True
5474,Chronicle-Wire_a4dfcb6885ce468a64f6a3ceb5e4e16bb858ed2e,net.openhft.chronicle.wire.YamlWireTest.testUuid,True
5479,Chronicle-Wire_a4dfcb6885ce468a64f6a3ceb5e4e16bb858ed2e,net.openhft.chronicle.wire.YamlWireTest.testBytes,True
5494,Chronicle-Wire_a4dfcb6885ce468a64f6a3ceb5e4e16bb858ed2e,net.openhft.chronicle.wire.YamlWireTest.testGZIPCompressionAsText,True
5507,Chronicle-Wire_a4dfcb6885ce468a64f6a3ceb5e4e16bb858ed2e,net.openhft.chronicle.wire.YamlWireTest.writeCharacter,True
5510,Chronicle-Wire_a4dfcb6885ce468a64f6a3ceb5e4e16bb858ed2e,net.openhft.chronicle.wire.YamlWireTest.testStringArray,True
5518,Chronicle-Wire_a4dfcb6885ce468a64f6a3ceb5e4e16bb858ed2e,net.openhft.chronicle.wire.YamlWireTest.testParse2,True
5535,Chronicle-Wire_a4dfcb6885ce468a64f6a3ceb5e4e16bb858ed2e,net.openhft.chronicle.wire.marshallable.FieldInfoTest.combinations,True
5541,Chronicle-Wire_a4dfcb6885ce468a64f6a3ceb5e4e16bb858ed2e,net.openhft.chronicle.wire.method.VanillaMethodReaderTest.readMethodsCollections,True
5552,Chronicle-Wire_a4dfcb6885ce468a64f6a3ceb5e4e16bb858ed2e,net.openhft.chronicle.wire.method.MethodWriterTest.ignoreStatic,True
5556,Chronicle-Wire_a4dfcb6885ce468a64f6a3ceb5e4e16bb858ed2e,net.openhft.chronicle.wire.method.MethodWriterTest.testMicroTS,True
5113,Chronicle-Wire_a4dfcb6885ce468a64f6a3ceb5e4e16bb858ed2e,net.openhft.chronicle.wire.YamlTokeniserTest.eg2_5,True
5122,Chronicle-Wire_a4dfcb6885ce468a64f6a3ceb5e4e16bb858ed2e,net.openhft.chronicle.wire.YamlTokeniserTest.eg2_14,True
5127,Chronicle-Wire_a4dfcb6885ce468a64f6a3ceb5e4e16bb858ed2e,net.openhft.chronicle.wire.YamlTokeniserTest.eg2_19,True
5131,Chronicle-Wire_a4dfcb6885ce468a64f6a3ceb5e4e16bb858ed2e,net.openhft.chronicle.wire.YamlTokeniserTest.eg2_23,True
5136,Chronicle-Wire_a4dfcb6885ce468a64f6a3ceb5e4e16bb858ed2e,net.openhft.chronicle.wire.YamlTokeniserTest.eg2_28,True
5140,Chronicle-Wire_a4dfcb6885ce468a64f6a3ceb5e4e16bb858ed2e,net.openhft.chronicle.wire.YamlTokeniserTest.sample4,True
5155,Chronicle-Wire_a4dfcb6885ce468a64f6a3ceb5e4e16bb858ed2e,net.openhft.chronicle.wire.WordsLongConverterTest.parse,True
5160,Chronicle-Wire_a4dfcb6885ce468a64f6a3ceb5e4e16bb858ed2e,net.openhft.chronicle.wire.WireSerializedLambdaTest.testIsLambda,True
5162,Chronicle-Wire_a4dfcb6885ce468a64f6a3ceb5e4e16bb858ed2e,net.openhft.chronicle.wire.WireSerializedLambdaTest.testBinaryWire,True
5169,Chronicle-Wire_a4dfcb6885ce468a64f6a3ceb5e4e16bb858ed2e,net.openhft.chronicle.wire.WordsIntConverterTest.parse,True
5174,Chronicle-Wire_a4dfcb6885ce468a64f6a3ceb5e4e16bb858ed2e,net.openhft.chronicle.wire.StrangeTextCombination.data,True
5178,Chronicle-Wire_a4dfcb6885ce468a64f6a3ceb5e4e16bb858ed2e,net.openhft.chronicle.wire.StrangeTextCombination.testYaml,True
5208,Chronicle-Wire_a4dfcb6885ce468a64f6a3ceb5e4e16bb858ed2e,net.openhft.chronicle.wire.SequenceTest.SequenceTest,True
5214,Chronicle-Wire_a4dfcb6885ce468a64f6a3ceb5e4e16bb858ed2e,net.openhft.chronicle.wire.ReadDocumentContextTest.testReadingADocumentThatHasNotBeenFullyReadFromTheTcpSocketAt2Bytes,True
5223,Chronicle-Wire_a4dfcb6885ce468a64f6a3ceb5e4e16bb858ed2e,net.openhft.chronicle.wire.TextWireTest.comment,True
5231,Chronicle-Wire_a4dfcb6885ce468a64f6a3ceb5e4e16bb858ed2e,net.openhft.chronicle.wire.TextWireTest.testFromString2,True
5265,Chronicle-Wire_a4dfcb6885ce468a64f6a3ceb5e4e16bb858ed2e,net.openhft.chronicle.wire.TextWireTest.testZonedDateTime,True
5293,Chronicle-Wire_a4dfcb6885ce468a64f6a3ceb5e4e16bb858ed2e,net.openhft.chronicle.wire.TextWireTest.testObjectKeys,True
5298,Chronicle-Wire_a4dfcb6885ce468a64f6a3ceb5e4e16bb858ed2e,net.openhft.chronicle.wire.TextWireTest.testStringArray,True
5300,Chronicle-Wire_a4dfcb6885ce468a64f6a3ceb5e4e16bb858ed2e,net.openhft.chronicle.wire.TextWireTest.testNestedList,True
5308,Chronicle-Wire_a4dfcb6885ce468a64f6a3ceb5e4e16bb858ed2e,net.openhft.chronicle.wire.TextWireTest.testDoublePrecisionOverTextWire,True
5310,Chronicle-Wire_a4dfcb6885ce468a64f6a3ceb5e4e16bb858ed2e,net.openhft.chronicle.wire.QueryWireTest.createWire,True
5324,Chronicle-Wire_a4dfcb6885ce468a64f6a3ceb5e4e16bb858ed2e,net.openhft.chronicle.wire.MarshallableTest.testFromString3,True
5328,Chronicle-Wire_a4dfcb6885ce468a64f6a3ceb5e4e16bb858ed2e,net.openhft.chronicle.wire.MarshallableTest.equalsWithArray,True
5329,Chronicle-Wire_a4dfcb6885ce468a64f6a3ceb5e4e16bb858ed2e,net.openhft.chronicle.wire.MarshallableTest.test,True
5331,Chronicle-Wire_a4dfcb6885ce468a64f6a3ceb5e4e16bb858ed2e,net.openhft.chronicle.wire.MarshallableTest.getField,True
5333,Chronicle-Wire_a4dfcb6885ce468a64f6a3ceb5e4e16bb858ed2e,net.openhft.chronicle.wire.WriteDocumentContextTest.writeThreeKeys,True
5341,Chronicle-Wire_a4dfcb6885ce468a64f6a3ceb5e4e16bb858ed2e,net.openhft.chronicle.wire.WireMarshallerTest.usesBinary,True
5342,Chronicle-Wire_a4dfcb6885ce468a64f6a3ceb5e4e16bb858ed2e,net.openhft.chronicle.wire.WireTestCommon.enableReferenceTracing,True
5344,Chronicle-Wire_a4dfcb6885ce468a64f6a3ceb5e4e16bb858ed2e,net.openhft.chronicle.wire.MilliTimestampLongConverterTest.parse,True
5353,Chronicle-Wire_a4dfcb6885ce468a64f6a3ceb5e4e16bb858ed2e,net.openhft.chronicle.wire.RawWireTest.testRead2,True
5363,Chronicle-Wire_a4dfcb6885ce468a64f6a3ceb5e4e16bb858ed2e,net.openhft.chronicle.wire.RawWireTest.type,True
5399,Chronicle-Wire_a4dfcb6885ce468a64f6a3ceb5e4e16bb858ed2e,net.openhft.chronicle.wire.BinaryWireTest.testFloat32,True
5401,Chronicle-Wire_a4dfcb6885ce468a64f6a3ceb5e4e16bb858ed2e,net.openhft.chronicle.wire.BinaryWireTest.testZonedDateTime,True
5409,Chronicle-Wire_a4dfcb6885ce468a64f6a3ceb5e4e16bb858ed2e,net.openhft.chronicle.wire.BinaryWireTest.testArrays2,True
5410,Chronicle-Wire_a4dfcb6885ce468a64f6a3ceb5e4e16bb858ed2e,net.openhft.chronicle.wire.BinaryWireTest.testUsingEvents,True
5417,Chronicle-Wire_a4dfcb6885ce468a64f6a3ceb5e4e16bb858ed2e,net.openhft.chronicle.wire.ValueOutTest.ValueOutTest,True
5433,Chronicle-Wire_a4dfcb6885ce468a64f6a3ceb5e4e16bb858ed2e,net.openhft.chronicle.wire.YamlWireTest.handleUnexpectedFields,True
5441,Chronicle-Wire_a4dfcb6885ce468a64f6a3ceb5e4e16bb858ed2e,net.openhft.chronicle.wire.YamlWireTest.createWire,True
5445,Chronicle-Wire_a4dfcb6885ce468a64f6a3ceb5e4e16bb858ed2e,net.openhft.chronicle.wire.YamlWireTest.testLeadingSpace,True
5450,Chronicle-Wire_a4dfcb6885ce468a64f6a3ceb5e4e16bb858ed2e,net.openhft.chronicle.wire.YamlWireTest.testInt32,True
5478,Chronicle-Wire_a4dfcb6885ce468a64f6a3ceb5e4e16bb858ed2e,net.openhft.chronicle.wire.YamlWireTest.testABCStringBuilder,True
5488,Chronicle-Wire_a4dfcb6885ce468a64f6a3ceb5e4e16bb858ed2e,net.openhft.chronicle.wire.YamlWireTest.testMapReadAndWriteMarshable,True
5491,Chronicle-Wire_a4dfcb6885ce468a64f6a3ceb5e4e16bb858ed2e,net.openhft.chronicle.wire.YamlWireTest.testEnum,True
5498,Chronicle-Wire_a4dfcb6885ce468a64f6a3ceb5e4e16bb858ed2e,net.openhft.chronicle.wire.YamlWireTest.testStringMap,True
5500,Chronicle-Wire_a4dfcb6885ce468a64f6a3ceb5e4e16bb858ed2e,net.openhft.chronicle.wire.YamlWireTest.writeNull,True
5520,Chronicle-Wire_a4dfcb6885ce468a64f6a3ceb5e4e16bb858ed2e,net.openhft.chronicle.wire.YamlWireTest.testDoublePrecisionOverYamlWire,True
5523,Chronicle-Wire_a4dfcb6885ce468a64f6a3ceb5e4e16bb858ed2e,net.openhft.chronicle.wire.reuse.NestedClassTest.testMultipleReads,True
5540,Chronicle-Wire_a4dfcb6885ce468a64f6a3ceb5e4e16bb858ed2e,net.openhft.chronicle.wire.method.VanillaMethodReaderTest.readMethods,True
5104,Chronicle-Wire_a4dfcb6885ce468a64f6a3ceb5e4e16bb858ed2e,net.openhft.chronicle.wire.MessagePathClassifierTest.addPathForSourcesEnding,True
5118,Chronicle-Wire_a4dfcb6885ce468a64f6a3ceb5e4e16bb858ed2e,net.openhft.chronicle.wire.YamlTokeniserTest.eg2_10,True
5133,Chronicle-Wire_a4dfcb6885ce468a64f6a3ceb5e4e16bb858ed2e,net.openhft.chronicle.wire.YamlTokeniserTest.eg2_25,True
5143,Chronicle-Wire_a4dfcb6885ce468a64f6a3ceb5e4e16bb858ed2e,net.openhft.chronicle.wire.WireToOutputStreamTest.WireToOutputStreamTest,True
5157,Chronicle-Wire_a4dfcb6885ce468a64f6a3ceb5e4e16bb858ed2e,net.openhft.chronicle.wire.HashWireTest.testHashWithMap,True
5188,Chronicle-Wire_a4dfcb6885ce468a64f6a3ceb5e4e16bb858ed2e,net.openhft.chronicle.wire.Base85IntConverterTest.parse,True
5190,Chronicle-Wire_a4dfcb6885ce468a64f6a3ceb5e4e16bb858ed2e,net.openhft.chronicle.wire.JSONWireTest.getWire,True
5199,Chronicle-Wire_a4dfcb6885ce468a64f6a3ceb5e4e16bb858ed2e,net.openhft.chronicle.wire.JSONWireTest.testFloatFromJson,True
5230,Chronicle-Wire_a4dfcb6885ce468a64f6a3ceb5e4e16bb858ed2e,net.openhft.chronicle.wire.TextWireTest.testFromString,True
5237,Chronicle-Wire_a4dfcb6885ce468a64f6a3ceb5e4e16bb858ed2e,net.openhft.chronicle.wire.TextWireTest.testFailingBoolean,True
5246,Chronicle-Wire_a4dfcb6885ce468a64f6a3ceb5e4e16bb858ed2e,net.openhft.chronicle.wire.TextWireTest.testWrite2,True
5250,Chronicle-Wire_a4dfcb6885ce468a64f6a3ceb5e4e16bb858ed2e,net.openhft.chronicle.wire.TextWireTest.int8,True
5252,Chronicle-Wire_a4dfcb6885ce468a64f6a3ceb5e4e16bb858ed2e,net.openhft.chronicle.wire.TextWireTest.uint8,True
5259,Chronicle-Wire_a4dfcb6885ce468a64f6a3ceb5e4e16bb858ed2e,net.openhft.chronicle.wire.TextWireTest.type,True
5269,Chronicle-Wire_a4dfcb6885ce468a64f6a3ceb5e4e16bb858ed2e,net.openhft.chronicle.wire.TextWireTest.testNANValue,True
5280,Chronicle-Wire_a4dfcb6885ce468a64f6a3ceb5e4e16bb858ed2e,net.openhft.chronicle.wire.TextWireTest.testEnum,True
5323,Chronicle-Wire_a4dfcb6885ce468a64f6a3ceb5e4e16bb858ed2e,net.openhft.chronicle.wire.MarshallableTest.testFromString2,True
5330,Chronicle-Wire_a4dfcb6885ce468a64f6a3ceb5e4e16bb858ed2e,net.openhft.chronicle.wire.MarshallableTest.testReset,True
5336,Chronicle-Wire_a4dfcb6885ce468a64f6a3ceb5e4e16bb858ed2e,net.openhft.chronicle.wire.WriteDocumentContextTest.chainedPlainText,True
5338,Chronicle-Wire_a4dfcb6885ce468a64f6a3ceb5e4e16bb858ed2e,net.openhft.chronicle.wire.WriteDocumentContextTest.chainedText,True
5347,Chronicle-Wire_a4dfcb6885ce468a64f6a3ceb5e4e16bb858ed2e,net.openhft.chronicle.wire.RawWireTest.testWrite,True
5351,Chronicle-Wire_a4dfcb6885ce468a64f6a3ceb5e4e16bb858ed2e,net.openhft.chronicle.wire.RawWireTest.testRead,True
5376,Chronicle-Wire_a4dfcb6885ce468a64f6a3ceb5e4e16bb858ed2e,net.openhft.chronicle.wire.BinaryWireTest.readWriteString,True
5377,Chronicle-Wire_a4dfcb6885ce468a64f6a3ceb5e4e16bb858ed2e,net.openhft.chronicle.wire.BinaryWireTest.createWire,True
5396,Chronicle-Wire_a4dfcb6885ce468a64f6a3ceb5e4e16bb858ed2e,net.openhft.chronicle.wire.BinaryWireTest.text,True
5414,Chronicle-Wire_a4dfcb6885ce468a64f6a3ceb5e4e16bb858ed2e,net.openhft.chronicle.wire.BinaryWireTest.BWKey,True
5419,Chronicle-Wire_a4dfcb6885ce468a64f6a3ceb5e4e16bb858ed2e,net.openhft.chronicle.wire.ValueOutTest.test,True
5429,Chronicle-Wire_a4dfcb6885ce468a64f6a3ceb5e4e16bb858ed2e,net.openhft.chronicle.wire.MicroTimestampLongConverterTest.parse2,True
5431,Chronicle-Wire_a4dfcb6885ce468a64f6a3ceb5e4e16bb858ed2e,net.openhft.chronicle.wire.YamlWireTest.testTypeInsteadOfField,True
5486,Chronicle-Wire_a4dfcb6885ce468a64f6a3ceb5e4e16bb858ed2e,net.openhft.chronicle.wire.YamlWireTest.testMapReadAndWriteStrings,True
5495,Chronicle-Wire_a4dfcb6885ce468a64f6a3ceb5e4e16bb858ed2e,net.openhft.chronicle.wire.YamlWireTest.testLZWCompressionAsText,True
5504,Chronicle-Wire_a4dfcb6885ce468a64f6a3ceb5e4e16bb858ed2e,net.openhft.chronicle.wire.YamlWireTest.testByteArray,True
5514,Chronicle-Wire_a4dfcb6885ce468a64f6a3ceb5e4e16bb858ed2e,net.openhft.chronicle.wire.YamlWireTest.testArrayTypes1,True
5537,Chronicle-Wire_a4dfcb6885ce468a64f6a3ceb5e4e16bb858ed2e,net.openhft.chronicle.wire.method.VanillaMethodReaderTest.testMethodReaderWriterMetadata,True
5557,Chronicle-Wire_a4dfcb6885ce468a64f6a3ceb5e4e16bb858ed2e,net.openhft.chronicle.wire.method.MethodWriterTest.testPrimitives,True
5103,Chronicle-Wire_a4dfcb6885ce468a64f6a3ceb5e4e16bb858ed2e,net.openhft.chronicle.wire.MessagePathClassifierTest.pathFor,True
5107,Chronicle-Wire_a4dfcb6885ce468a64f6a3ceb5e4e16bb858ed2e,net.openhft.chronicle.wire.YamlTokeniserTest.doTest,True
5112,Chronicle-Wire_a4dfcb6885ce468a64f6a3ceb5e4e16bb858ed2e,net.openhft.chronicle.wire.YamlTokeniserTest.eg2_4B,True
5116,Chronicle-Wire_a4dfcb6885ce468a64f6a3ceb5e4e16bb858ed2e,net.openhft.chronicle.wire.YamlTokeniserTest.eg2_8,True
5141,Chronicle-Wire_a4dfcb6885ce468a64f6a3ceb5e4e16bb858ed2e,net.openhft.chronicle.wire.YamlTokeniserTest.sample5,True
5148,Chronicle-Wire_a4dfcb6885ce468a64f6a3ceb5e4e16bb858ed2e,net.openhft.chronicle.wire.WireToOutputStreamTest.readAnObject,True
5179,Chronicle-Wire_a4dfcb6885ce468a64f6a3ceb5e4e16bb858ed2e,net.openhft.chronicle.wire.StrangeTextCombination.testString,True
5184,Chronicle-Wire_a4dfcb6885ce468a64f6a3ceb5e4e16bb858ed2e,net.openhft.chronicle.wire.StrangeTextCombination.testNewLine,True
5193,Chronicle-Wire_a4dfcb6885ce468a64f6a3ceb5e4e16bb858ed2e,net.openhft.chronicle.wire.JSONWireTest.readExpect,True
5202,Chronicle-Wire_a4dfcb6885ce468a64f6a3ceb5e4e16bb858ed2e,net.openhft.chronicle.wire.WireDumperTest.toParams,True
5205,Chronicle-Wire_a4dfcb6885ce468a64f6a3ceb5e4e16bb858ed2e,net.openhft.chronicle.wire.WireDumperTest.initTestData,True
5209,Chronicle-Wire_a4dfcb6885ce468a64f6a3ceb5e4e16bb858ed2e,net.openhft.chronicle.wire.SequenceTest.wireTypes,True
5213,Chronicle-Wire_a4dfcb6885ce468a64f6a3ceb5e4e16bb858ed2e,net.openhft.chronicle.wire.ReadDocumentContextTest.testEmptyMessage,True
5216,Chronicle-Wire_a4dfcb6885ce468a64f6a3ceb5e4e16bb858ed2e,net.openhft.chronicle.wire.Base40IntConverterTest.parse,True
5228,Chronicle-Wire_a4dfcb6885ce468a64f6a3ceb5e4e16bb858ed2e,net.openhft.chronicle.wire.TextWireTest.licenseCheck,False
5229,Chronicle-Wire_a4dfcb6885ce468a64f6a3ceb5e4e16bb858ed2e,net.openhft.chronicle.wire.TextWireTest.writeObjectWithTreeMap,False
5234,Chronicle-Wire_a4dfcb6885ce468a64f6a3ceb5e4e16bb858ed2e,net.openhft.chronicle.wire.TextWireTest.createWire,False
5245,Chronicle-Wire_a4dfcb6885ce468a64f6a3ceb5e4e16bb858ed2e,net.openhft.chronicle.wire.TextWireTest.testWrite1,False
5256,Chronicle-Wire_a4dfcb6885ce468a64f6a3ceb5e4e16bb858ed2e,net.openhft.chronicle.wire.TextWireTest.int64,False
5272,Chronicle-Wire_a4dfcb6885ce468a64f6a3ceb5e4e16bb858ed2e,net.openhft.chronicle.wire.TextWireTest.testMapReadAndWriteStrings,False
5296,Chronicle-Wire_a4dfcb6885ce468a64f6a3ceb5e4e16bb858ed2e,net.openhft.chronicle.wire.TextWireTest.testSortedSet,False
5305,Chronicle-Wire_a4dfcb6885ce468a64f6a3ceb5e4e16bb858ed2e,net.openhft.chronicle.wire.TextWireTest.nestedWithEnumSet,False
5316,Chronicle-Wire_a4dfcb6885ce468a64f6a3ceb5e4e16bb858ed2e,net.openhft.chronicle.wire.Base128LongConverterTest.parse,True
5320,Chronicle-Wire_a4dfcb6885ce468a64f6a3ceb5e4e16bb858ed2e,net.openhft.chronicle.wire.DocumentContextTest.doTest,True
5359,Chronicle-Wire_a4dfcb6885ce468a64f6a3ceb5e4e16bb858ed2e,net.openhft.chronicle.wire.RawWireTest.int32,True
5375,Chronicle-Wire_a4dfcb6885ce468a64f6a3ceb5e4e16bb858ed2e,net.openhft.chronicle.wire.BinaryWireTest.testWrite,True
5388,Chronicle-Wire_a4dfcb6885ce468a64f6a3ceb5e4e16bb858ed2e,net.openhft.chronicle.wire.BinaryWireTest.int16,True
5406,Chronicle-Wire_a4dfcb6885ce468a64f6a3ceb5e4e16bb858ed2e,net.openhft.chronicle.wire.BinaryWireTest.writeNull,True
5415,Chronicle-Wire_a4dfcb6885ce468a64f6a3ceb5e4e16bb858ed2e,net.openhft.chronicle.wire.BinaryWireTest.code,True
5418,Chronicle-Wire_a4dfcb6885ce468a64f6a3ceb5e4e16bb858ed2e,net.openhft.chronicle.wire.ValueOutTest.data,False
5426,Chronicle-Wire_a4dfcb6885ce468a64f6a3ceb5e4e16bb858ed2e,net.openhft.chronicle.wire.GenerateMethodDelegateTest.getDelegateType,True
5439,Chronicle-Wire_a4dfcb6885ce468a64f6a3ceb5e4e16bb858ed2e,net.openhft.chronicle.wire.YamlWireTest.testWriteToBinaryAndTriesToConvertToText,False
5456,Chronicle-Wire_a4dfcb6885ce468a64f6a3ceb5e4e16bb858ed2e,net.openhft.chronicle.wire.YamlWireTest.testRead2,True
5463,Chronicle-Wire_a4dfcb6885ce468a64f6a3ceb5e4e16bb858ed2e,net.openhft.chronicle.wire.YamlWireTest.int64,False
5466,Chronicle-Wire_a4dfcb6885ce468a64f6a3ceb5e4e16bb858ed2e,net.openhft.chronicle.wire.YamlWireTest.type,False
5480,Chronicle-Wire_a4dfcb6885ce468a64f6a3ceb5e4e16bb858ed2e,net.openhft.chronicle.wire.YamlWireTest.testBytesField,False
5482,Chronicle-Wire_a4dfcb6885ce468a64f6a3ceb5e4e16bb858ed2e,net.openhft.chronicle.wire.YamlWireTest.testWriteMarshallableAndFieldLength,False
5483,Chronicle-Wire_a4dfcb6885ce468a64f6a3ceb5e4e16bb858ed2e,net.openhft.chronicle.wire.YamlWireTest.testContextDump,False
5493,Chronicle-Wire_a4dfcb6885ce468a64f6a3ceb5e4e16bb858ed2e,net.openhft.chronicle.wire.YamlWireTest.testArrays2,False
5506,Chronicle-Wire_a4dfcb6885ce468a64f6a3ceb5e4e16bb858ed2e,net.openhft.chronicle.wire.YamlWireTest.writeUnserializable,False
5508,Chronicle-Wire_a4dfcb6885ce468a64f6a3ceb5e4e16bb858ed2e,net.openhft.chronicle.wire.YamlWireTest.testSortedSet,False
5526,Chronicle-Wire_a4dfcb6885ce468a64f6a3ceb5e4e16bb858ed2e,net.openhft.chronicle.wire.reuse.WireCollectionTest.threadDump,True
5530,Chronicle-Wire_a4dfcb6885ce468a64f6a3ceb5e4e16bb858ed2e,net.openhft.chronicle.wire.marshallable.ThreeSequenceTest.testThree,True
5531,Chronicle-Wire_a4dfcb6885ce468a64f6a3ceb5e4e16bb858ed2e,net.openhft.chronicle.wire.marshallable.TwoArraysTest.testTwoArrays,True
5554,Chronicle-Wire_a4dfcb6885ce468a64f6a3ceb5e4e16bb858ed2e,net.openhft.chronicle.wire.method.MethodWriterTest.testUpdateListener,True
5105,Chronicle-Wire_a4dfcb6885ce468a64f6a3ceb5e4e16bb858ed2e,net.openhft.chronicle.wire.MessagePathClassifierTest.addPathForSourcesEnding2,True
5106,Chronicle-Wire_a4dfcb6885ce468a64f6a3ceb5e4e16bb858ed2e,net.openhft.chronicle.wire.Base32LongConverterTest.parse,True
5123,Chronicle-Wire_a4dfcb6885ce468a64f6a3ceb5e4e16bb858ed2e,net.openhft.chronicle.wire.YamlTokeniserTest.eg2_15,False
5124,Chronicle-Wire_a4dfcb6885ce468a64f6a3ceb5e4e16bb858ed2e,net.openhft.chronicle.wire.YamlTokeniserTest.eg2_16,False
5135,Chronicle-Wire_a4dfcb6885ce468a64f6a3ceb5e4e16bb858ed2e,net.openhft.chronicle.wire.YamlTokeniserTest.eg2_27,False
5138,Chronicle-Wire_a4dfcb6885ce468a64f6a3ceb5e4e16bb858ed2e,net.openhft.chronicle.wire.YamlTokeniserTest.sample2,False
5146,Chronicle-Wire_a4dfcb6885ce468a64f6a3ceb5e4e16bb858ed2e,net.openhft.chronicle.wire.WireToOutputStreamTest.testNoSocket,True
5150,Chronicle-Wire_a4dfcb6885ce468a64f6a3ceb5e4e16bb858ed2e,net.openhft.chronicle.wire.CSVWireTest.testFrom,True
5153,Chronicle-Wire_a4dfcb6885ce468a64f6a3ceb5e4e16bb858ed2e,net.openhft.chronicle.wire.CSVWireTest.doTestWire,True
5159,Chronicle-Wire_a4dfcb6885ce468a64f6a3ceb5e4e16bb858ed2e,net.openhft.chronicle.wire.Base64LongConverterTest.asString,True
5167,Chronicle-Wire_a4dfcb6885ce468a64f6a3ceb5e4e16bb858ed2e,net.openhft.chronicle.wire.ReadAnyWireTest.testCreateReadAnyFirstJSONWire,True
5171,Chronicle-Wire_a4dfcb6885ce468a64f6a3ceb5e4e16bb858ed2e,net.openhft.chronicle.wire.Base40LongConverterTest.parseLower,True
5181,Chronicle-Wire_a4dfcb6885ce468a64f6a3ceb5e4e16bb858ed2e,net.openhft.chronicle.wire.StrangeTextCombination.testBinaryWithSpace,True
5192,Chronicle-Wire_a4dfcb6885ce468a64f6a3ceb5e4e16bb858ed2e,net.openhft.chronicle.wire.JSONWireTest.testOpenBracket,True
5206,Chronicle-Wire_a4dfcb6885ce468a64f6a3ceb5e4e16bb858ed2e,net.openhft.chronicle.wire.VanillaWireParserTest.impl,True
5218,Chronicle-Wire_a4dfcb6885ce468a64f6a3ceb5e4e16bb858ed2e,net.openhft.chronicle.wire.MessageHistoryTest.checkToString,True
5240,Chronicle-Wire_a4dfcb6885ce468a64f6a3ceb5e4e16bb858ed2e,net.openhft.chronicle.wire.TextWireTest.testInt64,False
5241,Chronicle-Wire_a4dfcb6885ce468a64f6a3ceb5e4e16bb858ed2e,net.openhft.chronicle.wire.TextWireTest.testInt16,False
5249,Chronicle-Wire_a4dfcb6885ce468a64f6a3ceb5e4e16bb858ed2e,net.openhft.chronicle.wire.TextWireTest.testRead2,False
5268,Chronicle-Wire_a4dfcb6885ce468a64f6a3ceb5e4e16bb858ed2e,net.openhft.chronicle.wire.TextWireTest.testTypeWithoutSpace,False
5270,Chronicle-Wire_a4dfcb6885ce468a64f6a3ceb5e4e16bb858ed2e,net.openhft.chronicle.wire.TextWireTest.testABCDBytes,False
5276,Chronicle-Wire_a4dfcb6885ce468a64f6a3ceb5e4e16bb858ed2e,net.openhft.chronicle.wire.TextWireTest.testMapReadAndWriteIntegers,False
5288,Chronicle-Wire_a4dfcb6885ce468a64f6a3ceb5e4e16bb858ed2e,net.openhft.chronicle.wire.TextWireTest.writeNull,False
5334,Chronicle-Wire_a4dfcb6885ce468a64f6a3ceb5e4e16bb858ed2e,net.openhft.chronicle.wire.WriteDocumentContextTest.writeThreeChainedKeys,True
5343,Chronicle-Wire_a4dfcb6885ce468a64f6a3ceb5e4e16bb858ed2e,net.openhft.chronicle.wire.WireTestCommon.assertReferencesReleased,True
5355,Chronicle-Wire_a4dfcb6885ce468a64f6a3ceb5e4e16bb858ed2e,net.openhft.chronicle.wire.RawWireTest.int16,True
5374,Chronicle-Wire_a4dfcb6885ce468a64f6a3ceb5e4e16bb858ed2e,net.openhft.chronicle.wire.BinaryWireTest.assertReferencesReleased,True
5383,Chronicle-Wire_a4dfcb6885ce468a64f6a3ceb5e4e16bb858ed2e,net.openhft.chronicle.wire.BinaryWireTest.testRead1,True
5392,Chronicle-Wire_a4dfcb6885ce468a64f6a3ceb5e4e16bb858ed2e,net.openhft.chronicle.wire.BinaryWireTest.int32,True
5395,Chronicle-Wire_a4dfcb6885ce468a64f6a3ceb5e4e16bb858ed2e,net.openhft.chronicle.wire.BinaryWireTest.float64,True
5398,Chronicle-Wire_a4dfcb6885ce468a64f6a3ceb5e4e16bb858ed2e,net.openhft.chronicle.wire.BinaryWireTest.testBool,True
5400,Chronicle-Wire_a4dfcb6885ce468a64f6a3ceb5e4e16bb858ed2e,net.openhft.chronicle.wire.BinaryWireTest.testTime,True
5421,Chronicle-Wire_a4dfcb6885ce468a64f6a3ceb5e4e16bb858ed2e,net.openhft.chronicle.wire.ValueOutTest.testAllBytes,False
5422,Chronicle-Wire_a4dfcb6885ce468a64f6a3ceb5e4e16bb858ed2e,net.openhft.chronicle.wire.Base95LongConverterTest.parse,True
5437,Chronicle-Wire_a4dfcb6885ce468a64f6a3ceb5e4e16bb858ed2e,net.openhft.chronicle.wire.YamlWireTest.testFromString,True
5475,Chronicle-Wire_a4dfcb6885ce468a64f6a3ceb5e4e16bb858ed2e,net.openhft.chronicle.wire.YamlWireTest.testTypeWithoutSpace,False
5487,Chronicle-Wire_a4dfcb6885ce468a64f6a3ceb5e4e16bb858ed2e,net.openhft.chronicle.wire.YamlWireTest.testMapReadAndWriteIntegers,False
5490,Chronicle-Wire_a4dfcb6885ce468a64f6a3ceb5e4e16bb858ed2e,net.openhft.chronicle.wire.YamlWireTest.getStackTrace,False
5502,Chronicle-Wire_a4dfcb6885ce468a64f6a3ceb5e4e16bb858ed2e,net.openhft.chronicle.wire.YamlWireTest.readDemarshallable,False
5511,Chronicle-Wire_a4dfcb6885ce468a64f6a3ceb5e4e16bb858ed2e,net.openhft.chronicle.wire.YamlWireTest.testDoubleEngineering,True
5525,Chronicle-Wire_a4dfcb6885ce468a64f6a3ceb5e4e16bb858ed2e,net.openhft.chronicle.wire.reuse.WireCollectionTest.combinations,True
5534,Chronicle-Wire_a4dfcb6885ce468a64f6a3ceb5e4e16bb858ed2e,net.openhft.chronicle.wire.marshallable.FieldInfoTest.FieldInfoTest,True
5539,Chronicle-Wire_a4dfcb6885ce468a64f6a3ceb5e4e16bb858ed2e,net.openhft.chronicle.wire.method.VanillaMethodReaderTest.index2index,True
5545,Chronicle-Wire_a4dfcb6885ce468a64f6a3ceb5e4e16bb858ed2e,net.openhft.chronicle.wire.method.VanillaMethodReaderTest.testNestedUnknownClass,True
5550,Chronicle-Wire_a4dfcb6885ce468a64f6a3ceb5e4e16bb858ed2e,net.openhft.chronicle.wire.method.MethodWriterTest.testDefault,True
5555,Chronicle-Wire_a4dfcb6885ce468a64f6a3ceb5e4e16bb858ed2e,net.openhft.chronicle.wire.method.MethodWriterTest.testUpdateListenerCheckUpdateInterceptorReturnValue,True
5175,Chronicle-Wire_a4dfcb6885ce468a64f6a3ceb5e4e16bb858ed2e,net.openhft.chronicle.wire.StrangeTextCombination.testPrependedSpace,True
5176,Chronicle-Wire_a4dfcb6885ce468a64f6a3ceb5e4e16bb858ed2e,net.openhft.chronicle.wire.StrangeTextCombination.testPostpendedSpace,True
5187,Chronicle-Wire_a4dfcb6885ce468a64f6a3ceb5e4e16bb858ed2e,net.openhft.chronicle.wire.StrangeTextCombination.wireFactory,True
5198,Chronicle-Wire_a4dfcb6885ce468a64f6a3ceb5e4e16bb858ed2e,net.openhft.chronicle.wire.JSONWireTest.testBytes,True
5215,Chronicle-Wire_a4dfcb6885ce468a64f6a3ceb5e4e16bb858ed2e,net.openhft.chronicle.wire.ReadDocumentContextTest.testReadingADocumentThatHasNotBeenFullyReadFromTheTcpSocketAt5Bytes,True
5220,Chronicle-Wire_a4dfcb6885ce468a64f6a3ceb5e4e16bb858ed2e,net.openhft.chronicle.wire.Base256IntConverterTest.append,True
5225,Chronicle-Wire_a4dfcb6885ce468a64f6a3ceb5e4e16bb858ed2e,net.openhft.chronicle.wire.TextWireTest.testFieldWithComment2,True
5243,Chronicle-Wire_a4dfcb6885ce468a64f6a3ceb5e4e16bb858ed2e,net.openhft.chronicle.wire.TextWireTest.testInt32,True
5258,Chronicle-Wire_a4dfcb6885ce468a64f6a3ceb5e4e16bb858ed2e,net.openhft.chronicle.wire.TextWireTest.text,True
5267,Chronicle-Wire_a4dfcb6885ce468a64f6a3ceb5e4e16bb858ed2e,net.openhft.chronicle.wire.TextWireTest.testUuid,True
5273,Chronicle-Wire_a4dfcb6885ce468a64f6a3ceb5e4e16bb858ed2e,net.openhft.chronicle.wire.TextWireTest.testBytesField,True
5284,Chronicle-Wire_a4dfcb6885ce468a64f6a3ceb5e4e16bb858ed2e,net.openhft.chronicle.wire.TextWireTest.testLZWCompressionAsText,True
5286,Chronicle-Wire_a4dfcb6885ce468a64f6a3ceb5e4e16bb858ed2e,net.openhft.chronicle.wire.TextWireTest.testStringMap,True
5294,Chronicle-Wire_a4dfcb6885ce468a64f6a3ceb5e4e16bb858ed2e,net.openhft.chronicle.wire.TextWireTest.writeUnserializable,True
5306,Chronicle-Wire_a4dfcb6885ce468a64f6a3ceb5e4e16bb858ed2e,net.openhft.chronicle.wire.TextWireTest.testParse2,True
5307,Chronicle-Wire_a4dfcb6885ce468a64f6a3ceb5e4e16bb858ed2e,net.openhft.chronicle.wire.TextWireTest.longConverter,True
5313,Chronicle-Wire_a4dfcb6885ce468a64f6a3ceb5e4e16bb858ed2e,net.openhft.chronicle.wire.Base85LongConverterTest.asString,True
5318,Chronicle-Wire_a4dfcb6885ce468a64f6a3ceb5e4e16bb858ed2e,net.openhft.chronicle.wire.DocumentContextTest.multiMessageText,True
5322,Chronicle-Wire_a4dfcb6885ce468a64f6a3ceb5e4e16bb858ed2e,net.openhft.chronicle.wire.MarshallableTest.testEmptyFromString,True
5327,Chronicle-Wire_a4dfcb6885ce468a64f6a3ceb5e4e16bb858ed2e,net.openhft.chronicle.wire.MarshallableTest.testCopy,True
5356,Chronicle-Wire_a4dfcb6885ce468a64f6a3ceb5e4e16bb858ed2e,net.openhft.chronicle.wire.RawWireTest.uint8,True
5360,Chronicle-Wire_a4dfcb6885ce468a64f6a3ceb5e4e16bb858ed2e,net.openhft.chronicle.wire.RawWireTest.int64,True
5365,Chronicle-Wire_a4dfcb6885ce468a64f6a3ceb5e4e16bb858ed2e,net.openhft.chronicle.wire.RawWireTest.testFloat32,True
5366,Chronicle-Wire_a4dfcb6885ce468a64f6a3ceb5e4e16bb858ed2e,net.openhft.chronicle.wire.RawWireTest.testTime,True
5368,Chronicle-Wire_a4dfcb6885ce468a64f6a3ceb5e4e16bb858ed2e,net.openhft.chronicle.wire.RawWireTest.testDate,True
5369,Chronicle-Wire_a4dfcb6885ce468a64f6a3ceb5e4e16bb858ed2e,net.openhft.chronicle.wire.RawWireTest.testUuid,True
5378,Chronicle-Wire_a4dfcb6885ce468a64f6a3ceb5e4e16bb858ed2e,net.openhft.chronicle.wire.BinaryWireTest.checkWire,True
5380,Chronicle-Wire_a4dfcb6885ce468a64f6a3ceb5e4e16bb858ed2e,net.openhft.chronicle.wire.BinaryWireTest.checkAsText,True
5391,Chronicle-Wire_a4dfcb6885ce468a64f6a3ceb5e4e16bb858ed2e,net.openhft.chronicle.wire.BinaryWireTest.uint32,True
5413,Chronicle-Wire_a4dfcb6885ce468a64f6a3ceb5e4e16bb858ed2e,net.openhft.chronicle.wire.BinaryWireTest.testSkipPadding,True
5420,Chronicle-Wire_a4dfcb6885ce468a64f6a3ceb5e4e16bb858ed2e,net.openhft.chronicle.wire.ValueOutTest.testRequestedType,True
5446,Chronicle-Wire_a4dfcb6885ce468a64f6a3ceb5e4e16bb858ed2e,net.openhft.chronicle.wire.YamlWireTest.expectWithSnakeYaml,True
5448,Chronicle-Wire_a4dfcb6885ce468a64f6a3ceb5e4e16bb858ed2e,net.openhft.chronicle.wire.YamlWireTest.testInt16,True
5457,Chronicle-Wire_a4dfcb6885ce468a64f6a3ceb5e4e16bb858ed2e,net.openhft.chronicle.wire.YamlWireTest.int8,True
5470,Chronicle-Wire_a4dfcb6885ce468a64f6a3ceb5e4e16bb858ed2e,net.openhft.chronicle.wire.YamlWireTest.testFloat32,True
5471,Chronicle-Wire_a4dfcb6885ce468a64f6a3ceb5e4e16bb858ed2e,net.openhft.chronicle.wire.YamlWireTest.testTime,True
5472,Chronicle-Wire_a4dfcb6885ce468a64f6a3ceb5e4e16bb858ed2e,net.openhft.chronicle.wire.YamlWireTest.testZonedDateTime,True
5485,Chronicle-Wire_a4dfcb6885ce468a64f6a3ceb5e4e16bb858ed2e,net.openhft.chronicle.wire.YamlWireTest.testConsumeAny,True
5492,Chronicle-Wire_a4dfcb6885ce468a64f6a3ceb5e4e16bb858ed2e,net.openhft.chronicle.wire.YamlWireTest.testArrays,True
5496,Chronicle-Wire_a4dfcb6885ce468a64f6a3ceb5e4e16bb858ed2e,net.openhft.chronicle.wire.YamlWireTest.testStringArrays,True
5517,Chronicle-Wire_a4dfcb6885ce468a64f6a3ceb5e4e16bb858ed2e,net.openhft.chronicle.wire.YamlWireTest.nestedWithEnumSet,True
5521,Chronicle-Wire_a4dfcb6885ce468a64f6a3ceb5e4e16bb858ed2e,net.openhft.chronicle.wire.reuse.NestedClassTest.NestedClassTest,True
5529,Chronicle-Wire_a4dfcb6885ce468a64f6a3ceb5e4e16bb858ed2e,net.openhft.chronicle.wire.utils.JavaSourceCodeFormatterTest.testAppend,True
5100,Chronicle-Wire_a4dfcb6885ce468a64f6a3ceb5e4e16bb858ed2e,net.openhft.chronicle.wire.WireParserTest.noOpReadOne,True
5101,Chronicle-Wire_a4dfcb6885ce468a64f6a3ceb5e4e16bb858ed2e,net.openhft.chronicle.wire.GenerateJsonSchemaMainTest.generateSchemaFor,True
5120,Chronicle-Wire_a4dfcb6885ce468a64f6a3ceb5e4e16bb858ed2e,net.openhft.chronicle.wire.YamlTokeniserTest.eg2_12,True
5129,Chronicle-Wire_a4dfcb6885ce468a64f6a3ceb5e4e16bb858ed2e,net.openhft.chronicle.wire.YamlTokeniserTest.eg2_21,True
5132,Chronicle-Wire_a4dfcb6885ce468a64f6a3ceb5e4e16bb858ed2e,net.openhft.chronicle.wire.YamlTokeniserTest.eg2_24,True
5139,Chronicle-Wire_a4dfcb6885ce468a64f6a3ceb5e4e16bb858ed2e,net.openhft.chronicle.wire.YamlTokeniserTest.sample3,True
5151,Chronicle-Wire_a4dfcb6885ce468a64f6a3ceb5e4e16bb858ed2e,net.openhft.chronicle.wire.CSVWireTest.tstFrom2,True
5156,Chronicle-Wire_a4dfcb6885ce468a64f6a3ceb5e4e16bb858ed2e,net.openhft.chronicle.wire.HashWireTest.testHash64,True
5180,Chronicle-Wire_a4dfcb6885ce468a64f6a3ceb5e4e16bb858ed2e,net.openhft.chronicle.wire.StrangeTextCombination.testBinary,True
5194,Chronicle-Wire_a4dfcb6885ce468a64f6a3ceb5e4e16bb858ed2e,net.openhft.chronicle.wire.JSONWireTest.testNoSpaces,True
5195,Chronicle-Wire_a4dfcb6885ce468a64f6a3ceb5e4e16bb858ed2e,net.openhft.chronicle.wire.JSONWireTest.soutWireParselet,True
5207,Chronicle-Wire_a4dfcb6885ce468a64f6a3ceb5e4e16bb858ed2e,net.openhft.chronicle.wire.VanillaWireParserTest.shouldDetermineMethodNamesFromMethodIds,True
5260,Chronicle-Wire_a4dfcb6885ce468a64f6a3ceb5e4e16bb858ed2e,net.openhft.chronicle.wire.TextWireTest.testTypeWithEmpty,True
5279,Chronicle-Wire_a4dfcb6885ce468a64f6a3ceb5e4e16bb858ed2e,net.openhft.chronicle.wire.TextWireTest.getStackTrace,True
5299,Chronicle-Wire_a4dfcb6885ce468a64f6a3ceb5e4e16bb858ed2e,net.openhft.chronicle.wire.TextWireTest.testDoubleEngineering,True
5302,Chronicle-Wire_a4dfcb6885ce468a64f6a3ceb5e4e16bb858ed2e,net.openhft.chronicle.wire.TextWireTest.testArrayTypes1,True
5311,Chronicle-Wire_a4dfcb6885ce468a64f6a3ceb5e4e16bb858ed2e,net.openhft.chronicle.wire.QueryWireTest.readWriteQuery,True
5337,Chronicle-Wire_a4dfcb6885ce468a64f6a3ceb5e4e16bb858ed2e,net.openhft.chronicle.wire.WriteDocumentContextTest.nestedText,True
5348,Chronicle-Wire_a4dfcb6885ce468a64f6a3ceb5e4e16bb858ed2e,net.openhft.chronicle.wire.RawWireTest.createWire,True
5382,Chronicle-Wire_a4dfcb6885ce468a64f6a3ceb5e4e16bb858ed2e,net.openhft.chronicle.wire.BinaryWireTest.testRead,True
5384,Chronicle-Wire_a4dfcb6885ce468a64f6a3ceb5e4e16bb858ed2e,net.openhft.chronicle.wire.BinaryWireTest.testRead2,True
5390,Chronicle-Wire_a4dfcb6885ce468a64f6a3ceb5e4e16bb858ed2e,net.openhft.chronicle.wire.BinaryWireTest.uint16,True
5397,Chronicle-Wire_a4dfcb6885ce468a64f6a3ceb5e4e16bb858ed2e,net.openhft.chronicle.wire.BinaryWireTest.type,True
5408,Chronicle-Wire_a4dfcb6885ce468a64f6a3ceb5e4e16bb858ed2e,net.openhft.chronicle.wire.BinaryWireTest.testArrays,True
5423,Chronicle-Wire_a4dfcb6885ce468a64f6a3ceb5e4e16bb858ed2e,net.openhft.chronicle.wire.Base95LongConverterTest.asString,True
5427,Chronicle-Wire_a4dfcb6885ce468a64f6a3ceb5e4e16bb858ed2e,net.openhft.chronicle.wire.GenerateMethodDelegateTest.getDelegate,True
5428,Chronicle-Wire_a4dfcb6885ce468a64f6a3ceb5e4e16bb858ed2e,net.openhft.chronicle.wire.MicroTimestampLongConverterTest.parse,True
5442,Chronicle-Wire_a4dfcb6885ce468a64f6a3ceb5e4e16bb858ed2e,net.openhft.chronicle.wire.YamlWireTest.testSimpleBool,True
5452,Chronicle-Wire_a4dfcb6885ce468a64f6a3ceb5e4e16bb858ed2e,net.openhft.chronicle.wire.YamlWireTest.testWrite1,True
5453,Chronicle-Wire_a4dfcb6885ce468a64f6a3ceb5e4e16bb858ed2e,net.openhft.chronicle.wire.YamlWireTest.testWrite2,True
5468,Chronicle-Wire_a4dfcb6885ce468a64f6a3ceb5e4e16bb858ed2e,net.openhft.chronicle.wire.YamlWireTest.testSingleQuote,True
5477,Chronicle-Wire_a4dfcb6885ce468a64f6a3ceb5e4e16bb858ed2e,net.openhft.chronicle.wire.YamlWireTest.testABCDBytes,True
5497,Chronicle-Wire_a4dfcb6885ce468a64f6a3ceb5e4e16bb858ed2e,net.openhft.chronicle.wire.YamlWireTest.testStringSet,True
5503,Chronicle-Wire_a4dfcb6885ce468a64f6a3ceb5e4e16bb858ed2e,net.openhft.chronicle.wire.YamlWireTest.testByteArrayValueWithRealBytesNegative,True
5519,Chronicle-Wire_a4dfcb6885ce468a64f6a3ceb5e4e16bb858ed2e,net.openhft.chronicle.wire.YamlWireTest.longConverter,True
5524,Chronicle-Wire_a4dfcb6885ce468a64f6a3ceb5e4e16bb858ed2e,net.openhft.chronicle.wire.reuse.WireCollectionTest.WireCollectionTest,True
5528,Chronicle-Wire_a4dfcb6885ce468a64f6a3ceb5e4e16bb858ed2e,net.openhft.chronicle.wire.reuse.WireCollectionTest.testMultipleReads,True
5532,Chronicle-Wire_a4dfcb6885ce468a64f6a3ceb5e4e16bb858ed2e,net.openhft.chronicle.wire.marshallable.WithDefaultsTest.writeMarshallable,True
5544,Chronicle-Wire_a4dfcb6885ce468a64f6a3ceb5e4e16bb858ed2e,net.openhft.chronicle.wire.method.VanillaMethodReaderTest.methodInterceptorNull,True
5558,Chronicle-Wire_a4dfcb6885ce468a64f6a3ceb5e4e16bb858ed2e,net.openhft.chronicle.wire.method.MethodWriterTest.doTestPrimitives,True
5559,Chronicle-Wire_a4dfcb6885ce468a64f6a3ceb5e4e16bb858ed2e,net.openhft.chronicle.wire.method.MethodWriterTest.checkWriterType,True
